2.81194 8.56688 16.3646 
3.29797 7.69337 15.8715
2.96415 8.14315 14.6243
2.77122 7.31789 15.2358
1.77726 7.18961 14.3906
1.41268 6.23268 13.9285
1.89588 5.26869 12.256
1.20794 5.05959 11.3196
0.605938 4.09075 10.5463
1.01065 3.46772 9.70896
1.86213 2.69872 8.95917
1.71744 1.78341 7.62397
0.868851 1.15516 4.55639
1.02632 0.988076 3.67179
1.0191 0.112855 3.0169
0.324594 -0.107687 2.48436
-0.424896 0.150679 3.09564
-0.120312 1.04033 3.13686
-0.351748 1.06423 4.47473
-1.07441 0.131607 3.36485
-0.511716 -0.347776 3.93861
-0.259844 0.334398 3.128
0.107523 -0.164503 1.35853
-0.32582 0.37392 3.51335
0.0901576 0.247331 1.91148
-0.795602 0.052781 3.00309
0.095506 0.160316 1.26586
0.197925 0.832112 3.49407
0.091131 0.337843 2.51265
0.0569922 -0.41081 2.81184
-0.0354274 -0.692886 3.22118
-0.87328 -0.166837 3.26055
-0.224401 -0.295201 2.79832
-0.0716031 0.139492 0.996722
-0.917081 0.0231925 2.62138
-0.45132 -0.228834 3.43619
0.106333 -0.239269 1.91391
0.610968 -0.202535 3.66897
0.194945 0.403233 3.15986
0.965943 -0.0728391 2.72608
0.0566854 -0.261605 1.9206
0.00295795 0.000763679 0.00888918
-0.353687 -0.146859 2.77403
0.0776368 -0.491606 3.13358
-0.614294 -0.0560019 3.29175
-0.190779 -0.253096 2.4072
-0.886468 0.0802346 2.82265
-0.31593 -0.150584 2.58864
0.463613 -0.178217 3.31081
0.968951 -0.179552 3.29685
-0.0219829 0.130614 0.782067
-0.30995 0.231558 2.90167
-1.06966 -0.133696 3.35034
-0.484712 -0.96045 4.55398
0.275166 -0.265165 2.88909
-0.0141084 0.441738 2.89842
0.0230846 0.862028 2.74774
0.198333 0.152613 1.85059
0.961847 -0.113003 2.90349
0.129652 -0.437723 3.08103
-0.0512509 0.0851282 0.526754
-0.0141963 0.0477136 0.205536
-0.3976 0.125456 2.90981
0.00824145 -0.017596 0.0649831
0.811487 0.000707646 2.8962
0.757615 0.0689542 3.1459
-0.120883 -0.243394 2.0052
-0.280948 0.0299968 2.018
0.0429585 -0.690693 3.23323
-0.444492 -0.137116 3.12595
-0.985763 0.116211 2.94943
-0.937525 0.107729 2.8733
-0.553547 -0.0896753 3.29116
-1.00637 0.220283 3.62144
-0.148061 0.30909 2.53997
0.0280889 1.0371 2.78656
-0.844442 1.01502 3.94914
-0.0952414 0.550608 3.29788
0.397834 0.0017021 2.70785
-0.155419 -0.0995911 1.24943
0.292062 0.319023 3.19372
-0.0473067 0.762501 3.08897
-0.554499 -0.089713 3.29275
-0.0474524 0.095495 0.581026
0.350415 -0.12938 2.69743
-0.389922 0.21565 3.18241
0.226973 0.129347 1.92804
0.12734 0.169177 1.50169
-0.0811665 0.919575 2.76988
-0.350362 0.0456826 2.49019
0.0802483 0.192012 1.44691
0.340654 -0.1045 2.56642
0.162329 -0.71212 3.52634
-0.0078074 -0.998503 2.63562
-0.87414 -0.0344477 2.7294
-0.109655 0.9652 2.88889
0.475181 0.0590455 3.05535
-0.0692989 0.226989 1.68731
-0.0875516 -0.0347764 0.487824
-0.354536 0.189521 2.93657
-0.336731 -0.00184862 2.37615
0.31803 -0.196909 2.7914
0.0148963 0.467906 2.99154
0.230772 0.076474 1.73949
-0.031019 0.265757 1.90649
-0.121848 0.27339 2.21442
-0.199966 0.181304 2.02858
0.0231835 0.154526 0.980502
-0.790348 0.021018 2.97315
-0.775673 -0.885323 4.20737
-0.729797 -1.04462 4.49875
0.12831 -0.106007 1.08916
-0.45191 -0.118987 3.1021
0.388947 0.0957648 2.79028
-0.078168 0.374111 2.67715
-0.939477 1.02743 3.68906
-0.717709 0.295277 4.01141
-0.257815 -0.423753 3.44707
-0.201817 0.452735 3.35266
-0.00856789 -0.341802 2.40801
-0.121822 0.395802 2.8914
-0.511973 0.386268 4.0361
0.0209888 0.2597 1.84947
-0.293568 0.42861 3.57828
-0.593971 -0.0850436 3.33034
-0.0990899 -0.163165 1.30524
-0.438946 -0.110084 3.03372
0.194829 -0.362423 2.99218
0.0894808 -0.282023 2.15647
0.0549729 0.600059 3.28371
-0.91347 0.511229 4.53874
-0.258213 0.624051 3.85723
0.387757 -0.00615845 2.65937
0.00177837 0.0668121 0.303715
0.297452 -0.344479 3.31228
0.241594 -0.173922 2.25051
0.0974056 -0.909875 2.84996
0.0339239 -0.34312 2.43328
-0.06385 -1.10074 3.23457
-0.821878 -0.115593 3.12559
-0.157391 -1.00259 3.22229
0.0465786 -0.85698 2.80065
0.100734 0.116161 0.976179
-0.0977133 0.924695 2.83424
0.311935 0.400146 3.55121
0.995514 -0.167847 3.2695
0.254572 -1.15422 4.48866
-0.143247 -0.395985 2.95713
0.124328 -0.11072 1.09013
0.381087 0.317848 3.51023
-0.245907 -0.0649497 1.82201
0.256365 0.356876 3.20515
0.140309 0.0313838 0.876808
-0.299715 -0.219934 2.80061
0.0819794 0.385054 2.73957
1.01519 -0.00573955 2.68187
0.208352 0.517802 3.54382
0.236947 0.539086 3.67492
-0.00874888 -0.0876943 0.443516
0.061183 -0.359329 2.56544
-0.0608343 -0.981061 2.70119
-0.528694 -0.151454 3.39752
0.0753325 -0.0554165 0.484221
-0.202666 0.0832246 1.54294
-0.907999 -0.781199 4.15921
-0.277593 0.138815 2.31184
-0.0320022 -0.762649 3.06654
-0.82804 0.0936473 3.0235
0.164442 -0.489771 3.34313
0.858092 -0.132075 3.11061
0.363394 -0.804753 4.21246
0.0373519 -0.332365 2.37235
-0.219071 0.361082 3.07917
0.079826 0.452666 3.01587
-0.175747 -0.217626 2.10874
0.150351 -0.219584 1.98302
0.0680928 -0.509029 3.16266
-0.00558122 -0.756016 3.06667
-0.0712996 -1.01139 2.80581
-0.643156 -0.210298 3.71449
-0.111048 -0.423276 2.97659
0.106068 0.347433 2.60833
0.831528 -0.0457924 2.87661
0.314575 0.194654 2.76429
-0.250393 -0.0224052 1.77827
0.205246 -0.640825 3.69678
-0.00622124 -0.565141 3.21286
-0.126644 -0.772172 3.29252
-0.251461 -0.10545 1.99843
-0.00775783 0.879475 2.68773
0.135262 0.751022 3.36879
-0.602404 0.175446 3.57641
-0.174348 -0.219259 2.11137
-0.223614 0.0817169 1.70171
-0.869258 -0.065829 2.81603
-0.00476264 -0.51171 3.11342
0.481902 -0.182767 3.37725
-0.0858774 0.0099494 0.43191
-0.700876 0.194384 3.65373
0.137944 -0.705847 3.44716
-0.0321688 0.0773452 0.414407
-0.0767114 0.0952989 0.707488
-0.197148 -0.102344 1.58061
0.42272 -0.221108 3.31976
0.417674 0.117012 2.97001
0.413181 0.830983 4.34615
0.518375 0.214044 3.56259
0.401352 0.134806 2.95372
0.577992 -0.187874 3.58738
-0.0387347 0.136569 0.862912
-0.330333 0.955441 4.11299
-0.198484 0.265336 2.51658
-0.784919 0.167574 3.43619
-0.571972 -0.492574 4.35623
-0.20551 -0.117495 1.71516
-0.604368 -0.0351784 3.26347
0.169526 -0.133619 1.54054
-0.122549 0.254943 2.09279
-0.837955 -0.0868721 2.97126
0.123799 0.682686 3.42452
-0.163 0.0486797 1.10466
0.53352 0.0750141 3.22808
0.194166 -0.239301 2.34314
-0.30807 -0.514863 3.83678
0.07129 0.129182 0.917249
-0.0386038 0.0772028 0.432295
-0.0932819 -0.208699 1.63016
0.86397 0.0848218 2.89309
1.09796 -0.0337124 3.14354
1.01403 -0.0123265 2.68148
0.963769 -0.11248 2.90218
1.02459 -0.779862 4.24873
0.0692551 -0.675558 3.29366
-0.0276713 -1.02073 2.72109
0.819358 -1.48929 6.24193
-0.125112 -1.69838 5.78485
-0.0283844 -1.23731 4.22743
-0.410051 -0.242535 3.35026
-0.0273597 0.389303 2.67729
0.159296 0.982301 3.19123
0.219919 0.412793 3.28152
0.32577 0.1649 2.69883
0.147668 -0.289166 2.42107
-0.0843889 -0.852065 2.92316
-0.531303 -0.231271 3.64244
0.197513 0.00871564 1.33267
0.150367 -0.913215 3.11659
0.01047 -0.844433 2.79159
-0.396689 -0.0367428 2.72148
0.243495 -0.0070701 1.71363
-0.0854716 -0.929162 2.77765
